image_width: 640
image_height: 480
camera_name: rgb_Astra_Orbbec
camera_matrix:
  rows: 3
  cols: 3
  data: [585.3933817769559, 0, 315.1468411661461, 0, 585.1118292242563, 241.6570193534038, 0, 0, 1]
distortion_model: plumb_bob
distortion_coefficients:
  rows: 1
  cols: 5
  data: [0.03865797395426305, 0.07468333044552319, 0.002909354535182612, -0.003725931525450735, 0]
rectification_matrix:
  rows: 3
  cols: 3
  data: [1, 0, 0, 0, 1, 0, 0, 0, 1]
projection_matrix:
  rows: 3
  cols: 4
  data: [604.7041015625, 0, 313.376431985409, 0, 0, 604.9490356445312, 242.8081172994916, 0, 0, 0, 1, 0]