%YAML:1.0
timeRows: 385
priceRows: 385
time: !!opencv-matrix
   rows: 385
   cols: 1
   dt: f
   data: [ 0., 1., 2., 3., 4., 5., 6., 7., 8., 9., 10., 11., 12., 13.,
       14., 15., 16., 17., 18., 19., 20., 21., 22., 23., 24., 25., 26.,
       27., 28., 29., 30., 31., 32., 33., 34., 35., 36., 37., 38., 39.,
       40., 41., 42., 43., 44., 45., 46., 47., 48., 49., 50., 51., 52.,
       53., 54., 55., 56., 57., 58., 59., 60., 61., 62., 63., 64., 65.,
       66., 67., 68., 69., 70., 71., 72., 73., 74., 75., 76., 77., 78.,
       79., 80., 81., 82., 83., 84., 85., 86., 87., 88., 89., 90., 91.,
       92., 93., 94., 95., 96., 97., 98., 99., 100., 101., 102., 103.,
       104., 105., 106., 107., 108., 109., 110., 111., 112., 113., 114.,
       115., 116., 117., 118., 119., 120., 121., 122., 123., 124., 125.,
       126., 127., 128., 129., 130., 131., 132., 133., 134., 135., 136.,
       137., 138., 139., 140., 141., 142., 143., 144., 145., 146., 147.,
       148., 149., 150., 151., 152., 153., 154., 155., 156., 157., 158.,
       159., 160., 161., 162., 163., 164., 165., 166., 167., 168., 169.,
       170., 171., 172., 173., 174., 175., 176., 177., 178., 179., 180.,
       181., 182., 183., 184., 185., 186., 187., 188., 189., 190., 191.,
       192., 193., 194., 195., 196., 197., 198., 199., 200., 201., 202.,
       203., 204., 205., 206., 207., 208., 209., 210., 211., 212., 213.,
       214., 215., 216., 217., 218., 219., 220., 221., 222., 223., 224.,
       225., 226., 227., 228., 229., 230., 231., 232., 233., 234., 235.,
       236., 237., 238., 239., 240., 241., 242., 243., 244., 245., 246.,
       247., 248., 249., 250., 251., 252., 253., 254., 255., 256., 257.,
       258., 259., 260., 261., 262., 263., 264., 265., 266., 267., 268.,
       269., 270., 271., 272., 273., 274., 275., 276., 277., 278., 279.,
       280., 281., 282., 283., 284., 285., 286., 287., 288., 289., 290.,
       291., 292., 293., 294., 295., 296., 297., 298., 299., 300., 301.,
       302., 303., 304., 305., 306., 307., 308., 309., 310., 311., 312.,
       313., 314., 315., 316., 317., 318., 319., 320., 321., 322., 323.,
       324., 325., 326., 327., 328., 329., 330., 331., 332., 333., 334.,
       335., 336., 337., 338., 339., 340., 341., 342., 343., 344., 345.,
       346., 347., 348., 349., 350., 351., 352., 353., 354., 355., 356.,
       357., 358., 359., 360., 361., 362., 363., 364., 365., 366., 367.,
       368., 369., 370., 371., 372., 373., 374., 375., 376., 377., 378.,
       379., 380., 381., 382., 383., 384. ]
price: !!opencv-matrix
   rows: 385
   cols: 1
   dt: f
   data: [ 3.76433044e+02, 7.76703720e+01, 5.86403084e+01,
       7.38443298e+01, 2.04268265e+01, 6.23954654e-01, 7.84007883e+00,
       1.16729441e+01, 1.08557386e+01, 3.49330497e+00, 6.23950434e+00,
       5.07509422e+00, 4.81790495e+00, 5.74578810e+00, 6.99199772e+00,
       2.55606151e+00, 2.61612630e+00, 3.48280692e+00, 2.11373329e+00,
       4.60189342e-01, 1.52213216e+00, 1.02989972e+00, 1.44048595e+00,
       3.28129363e+00, 2.61437702e+00, 2.42836833e+00, 1.26506221e+00,
       8.36117685e-01, 3.79168242e-01, 4.75222409e-01, 8.30698252e-01,
       1.80223942e+00, 1.73576212e+00, 1.93352342e+00, 1.00319457e+00,
       1.35834420e+00, 6.30443573e-01, 1.10614097e+00, 1.32439673e+00,
       7.86753058e-01, 2.10711107e-01, 7.95498610e-01, 2.08636597e-01,
       8.54531586e-01, 4.85220790e-01, 2.96947330e-01, 5.09926081e-01,
       6.72758639e-01, 1.00673032e+00, 1.25575733e+00, 6.13432825e-01,
       3.63887966e-01, 5.86063147e-01, 3.47792447e-01, 3.89892936e-01,
       2.40005836e-01, 6.07814848e-01, 2.29474634e-01, 5.82310855e-01,
       2.53626883e-01, 8.10152292e-01, 3.61841679e-01, 3.24545383e-01,
       5.29742122e-01, 1.39163613e-01, 2.81596094e-01, 3.77235413e-01,
       6.33336008e-01, 4.06533778e-01, 2.05405831e-01, 4.05066848e-01,
       9.21361595e-02, 1.32408559e-01, 6.35660291e-01, 4.08169657e-01,
       4.00259346e-01, 8.35831538e-02, 3.52209121e-01, 2.90072471e-01,
       2.48445317e-01, 2.22586945e-01, 1.74630314e-01, 1.29673600e-01,
       2.03888178e-01, 2.64832646e-01, 2.84340739e-01, 1.08138829e-01,
       2.65673429e-01, 4.37627554e-01, 1.70849308e-01, 3.45582157e-01,
       1.53459564e-01, 2.63234526e-01, 3.26312512e-01, 4.21726882e-01,
       2.21356958e-01, 1.32880718e-01, 3.18032235e-01, 1.36890903e-01,
       1.64749905e-01, 2.76102066e-01, 3.22970361e-01, 2.33652994e-01,
       1.16750106e-01, 7.47112110e-02, 2.59766608e-01, 1.35110587e-01,
       3.96274447e-01, 4.73751783e-01, 2.62896061e-01, 1.41051471e-01,
       4.29142922e-01, 2.45267123e-01, 2.57467240e-01, 1.16490021e-01,
       1.69570580e-01, 1.48446232e-01, 1.91077784e-01, 2.28238367e-02,
       3.83925736e-01, 1.93033308e-01, 1.70786172e-01, 3.03104609e-01,
       4.20012385e-01, 1.42387316e-01, 4.54586893e-02, 1.62758738e-01,
       3.41930896e-01, 1.74967647e-01, 3.50701839e-01, 2.90648907e-01,
       2.14841053e-01, 3.90959978e-01, 1.23302281e-01, 2.35783949e-01,
       2.09461734e-01, 7.82455504e-02, 2.14453384e-01, 3.74794722e-01,
       1.16302341e-01, 2.13783279e-01, 1.78549588e-01, 3.91179949e-01,
       2.74555713e-01, 8.41973573e-02, 1.90998182e-01, 2.57601380e-01,
       1.71139002e-01, 2.23637149e-01, 1.73803970e-01, 3.31834823e-01,
       2.72524714e-01, 1.86333239e-01, 2.38317147e-01, 2.27841407e-01,
       2.10317180e-01, 3.70894670e-01, 2.15991333e-01, 1.87919125e-01,
       2.85522252e-01, 1.55251682e-01, 3.04386884e-01, 2.60047019e-01,
       1.83420718e-01, 2.96459883e-01, 3.43899012e-01, 2.87383914e-01,
       2.29491755e-01, 7.04884380e-02, 1.86374366e-01, 3.15780431e-01,
       3.18432689e-01, 3.24139357e-01, 2.95890361e-01, 1.88665971e-01,
       2.06949785e-01, 3.69815379e-01, 2.95784891e-01, 2.73474693e-01,
       2.75232792e-01, 1.87437609e-01, 5.70769869e-02, 1.78128034e-01,
       2.12812722e-01, 3.54135454e-01, 3.47093910e-01, 2.67671824e-01,
       2.36330226e-01, 2.72505999e-01, 2.77784258e-01, 3.68708283e-01,
       1.63691759e-01, 2.19634458e-01, 2.87362993e-01, 2.37263948e-01,
       1.95745781e-01, 1.65251255e-01, 2.79502541e-01, 3.75778973e-01,
       3.22646081e-01, 2.80415177e-01, 2.63026118e-01, 9.57934558e-02,
       2.46962562e-01, 3.61543983e-01, 2.91820437e-01, 3.24592203e-01,
       3.33882004e-01, 2.97340572e-01, 3.15450639e-01, 2.06472918e-01,
       1.70797750e-01, 3.85930866e-01, 2.76427329e-01, 2.44207889e-01,
       1.48276955e-01, 2.25474864e-01, 2.37486422e-01, 3.14768910e-01,
       2.69767404e-01, 3.74501348e-01, 2.51083732e-01, 2.45931730e-01,
       2.93349117e-01, 3.08072507e-01, 1.14540376e-01, 2.43017927e-01,
       3.07033241e-01, 3.15514058e-01, 2.59523332e-01, 2.21335456e-01,
       2.14023069e-01, 3.03654581e-01, 2.66693175e-01, 2.39849254e-01,
       2.43417174e-01, 2.33037218e-01, 2.44204164e-01, 1.98492229e-01,
       2.32961953e-01, 2.34806344e-01, 4.09932226e-01, 3.16147655e-01,
       3.19461972e-01, 2.35082686e-01, 2.83854544e-01, 2.28527844e-01,
       2.73665428e-01, 2.15002775e-01, 2.48640329e-01, 2.60976404e-01,
       3.90915334e-01, 2.42247388e-01, 2.67684817e-01, 2.91124076e-01,
       2.65557230e-01, 2.62260348e-01, 3.17328036e-01, 1.90658420e-01,
       2.72276312e-01, 3.30046207e-01, 3.10190767e-01, 3.31294239e-01,
       2.96755016e-01, 2.55618364e-01, 3.17568362e-01, 2.56413490e-01,
       2.34734654e-01, 3.18436056e-01, 2.19604149e-01, 2.50000387e-01,
       3.05208296e-01, 3.26025307e-01, 3.50426435e-01, 2.94395268e-01,
       2.58917063e-01, 3.06673288e-01, 2.36804008e-01, 3.24708998e-01,
       2.23247677e-01, 2.27703840e-01, 2.27824599e-01, 2.32867002e-01,
       3.19042981e-01, 2.94238001e-01, 2.61033058e-01, 3.69404018e-01,
       2.84173757e-01, 1.83976099e-01, 2.83374876e-01, 2.62052953e-01,
       3.23129803e-01, 3.33066493e-01, 2.38430172e-01, 2.41071790e-01,
       2.80953437e-01, 2.19085321e-01, 3.48403752e-01, 3.34082127e-01,
       2.07485333e-01, 3.18535328e-01, 2.43167192e-01, 2.83321112e-01,
